25,1
25,0
24,5
24,4
24,3
24,2
24,1
24,0
23,5
23,4
23,3
23,2
23,1
23,0
22,3
22,2
22,1
22,0
20,4
20,2
16,4
16,2
15,4
15,3
15,2
15,1
15,0
11,7
11,6
11,5
11,4
11,3
11,2
11,1
11,0
10,6
10,5
10,4
10,3
10,2
10,1
10,0
9,8
9,7
9,6
9,5
9,4
9,3
9,2
9,1
9,0
8,5
8,4
8,3
8,2
8,1
8,0
7,5
7,4
7,3
7,2
7,1
7,0
6,7
6,6
6,5
6,4
6,3
6,2
16,1
6,1
16,3
6,0
5,2
16,0
4,3
4,2
4,1
20,1
4,0
3,6
20,3
3,5
20,0
3,4
3,3
5,1
3,2
5,3
3,1
5,0
3,0
2,2
2,6
1,2
1,1
1,3
0,408
1,0
0,322
2,5
0,243
2,1
2,4
2,3
2,0
0,9
0,310
0,305
0,308
0,304
0,303
0,302
0,307
0,12
0,10
0,8
0,0
0,407
0,300
0,432
0,299
0,406
0,298
0,405
0,297
0,404
0,296
0,431
0,295
0,403
0,294
0,402
0,293
0,401
0,292
0,400
0,291
0,435
0,290
0,430
0,289
0,399
0,288
0,398
0,287
0,397
0,286
0,429
0,285
0,396
0,284
0,395
0,283
0,434
0,282
0,428
0,281
0,427
0,280
0,394
0,279
0,393
0,278
0,392
0,277
0,391
0,276
0,390
0,275
0,426
0,274
0,425
25,2
25,3
25,5
26,0
26,2
26,3
26,5
28,0
28,1
28,3
28,4
28,6
28,8
28,9
29,1
29,2
29,4
29,5
29,7
30,1
30,2
30,4
32,0
32,2
34,0
34,1
34,3
36,0
36,2
36,3
36,5
36,7
37,0
37,2
37,3
37,5
37,4
37,1
36,6
36,4
36,1
34,2
32,3
32,1
30,3
30,0
29,6
29,3
29,0
28,7
28,5
28,2
26,6
26,4
26,1
25,4
0,273
0,388
0,272
0,387
0,271
0,389
0,270
0,386
0,269
0,385
0,268
0,384
0,267
0,383
0,266
0,382
0,265
0,381
0,264
0,424
0,263
0,380
0,262
0,379
0,261
0,378
0,260
0,437
0,259
0,376
0,258
0,375
0,257
0,377
0,256
0,374
0,255
0,373
0,254
0,372
0,253
0,371
0,252
0,370
0,251
0,369
0,250
0,423
0,249
0,368
0,248
0,367
0,247
0,366
0,246
0,422
0,245
0,365
0,244
0,364
0,242
0,363
0,241
0,421
0,240
0,362
0,239
0,361
0,238
0,360
0,237
0,359
0,236
0,420
0,235
0,419
0,234
0,358
0,233
0,357
0,232
0,356
0,231
0,355
0,230
0,354
0,229
0,353
0,228
0,352
0,227
0,351
0,226
0,350
0,225
0,349
0,224
0,348
0,223
0,347
0,222
0,418
0,221
0,346
0,220
0,417
0,219
0,416
0,218
0,415
0,217
0,345
0,216
0,344
0,215
0,343
0,214
0,342
0,213
0,341
0,212
0,340
0,211
0,339
0,210
0,338
0,209
0,337
0,208
0,336
0,207
0,436
0,206
0,335
0,205
0,334
0,204
0,333
0,203
0,332
0,202
0,414
0,201
0,413
0,200
0,331
0,199
0,330
0,198
0,329
0,197
0,328
0,196
0,412
0,195
0,411
0,194
0,327
0,193
0,326
0,192
0,325
0,63
0,324
0,62
0,323
0,61
0,433
0,60
0,321
0,59
0,320
0,58
0,319
0,57
0,318
0,56
0,410
0,55
0,409
0,54
0,317
0,53
0,316
0,52
0,315
0,51
0,314
0,50
0,313
0,49
0,312
0,48
0,311
0,47
0,309
0,46
0,306
0,45
0,301
0,6
0,5
0,1
0,11
0,4
0,2
0,3
0,7
